DEV_TOT: 4116.000000
DEV_PCA: 3410.122242
DEV_PCA_per: 0.828504
W: 160.688139
B: 3249.434103
DEV_PCA_CL_per: 0.789464
DEV_LOST_per: 0.210536
