DEV_TOT: 30816.000000
DEV_PCA: 26621.447362
DEV_PCA_per: 0.863884
W: 2473.217892
B: 24148.229470
DEV_PCA_CL_per: 0.783626
DEV_LOST_per: 0.216374
