DEV_TOT: 94867.000000
DEV_PCA: 81869.660655
DEV_PCA_per: 0.862994
W: 1289.183976
B: 80580.476679
DEV_PCA_CL_per: 0.849405
DEV_LOST_per: 0.150595
