DEV_TOT: 94867.000000
DEV_PCA: 81869.660655
DEV_PCA_per: 0.862994
W: 1693.581004
B: 80176.079650
DEV_PCA_CL_per: 0.845142
DEV_LOST_per: 0.154858
