DEV_TOT: 94867.000000
DEV_PCA: 81869.660655
DEV_PCA_per: 0.862994
W: 3943.240312
B: 77926.420342
DEV_PCA_CL_per: 0.821428
DEV_LOST_per: 0.178572
