DEV_TOT: 3874.000000
DEV_PCA: 3651.876682
DEV_PCA_per: 0.942663
W: 777.975779
B: 2873.900902
DEV_PCA_CL_per: 0.741843
DEV_LOST_per: 0.258157
