DEV_TOT: 3874.000000
DEV_PCA: 3651.876682
DEV_PCA_per: 0.942663
W: 482.652136
B: 3169.224546
DEV_PCA_CL_per: 0.818076
DEV_LOST_per: 0.181924
