DEV_TOT: 4116.000000
DEV_PCA: 3410.122242
DEV_PCA_per: 0.828504
W: 99.098356
B: 3311.023886
DEV_PCA_CL_per: 0.804428
DEV_LOST_per: 0.195572
