DEV_TOT: 4116.000000
DEV_PCA: 3410.122242
DEV_PCA_per: 0.828504
W: 120.790763
B: 3289.331479
DEV_PCA_CL_per: 0.799157
DEV_LOST_per: 0.200843
