DEV_TOT: 94867.000000
DEV_PCA: 85895.443688
DEV_PCA_per: 0.905430
W: 2436.224668
B: 83459.219021
DEV_PCA_CL_per: 0.879750
DEV_LOST_per: 0.120250
