DEV_TOT: 94867.000000
DEV_PCA: 85895.443688
DEV_PCA_per: 0.905430
W: 4093.402849
B: 81802.040839
DEV_PCA_CL_per: 0.862281
DEV_LOST_per: 0.137719
