DEV_TOT: 94867.000000
DEV_PCA: 83999.706094
DEV_PCA_per: 0.885447
W: 4511.149355
B: 79488.556739
DEV_PCA_CL_per: 0.837895
DEV_LOST_per: 0.162105
