DEV_TOT: 94867.000000
DEV_PCA: 83999.706094
DEV_PCA_per: 0.885447
W: 2034.352539
B: 81965.353554
DEV_PCA_CL_per: 0.864003
DEV_LOST_per: 0.135997
