DEV_TOT: 94867.000000
DEV_PCA: 85895.443688
DEV_PCA_per: 0.905430
W: 6453.351654
B: 79442.092034
DEV_PCA_CL_per: 0.837405
DEV_LOST_per: 0.162595
