DEV_TOT: 94867.000000
DEV_PCA: 83999.706094
DEV_PCA_per: 0.885447
W: 2828.647944
B: 81171.058150
DEV_PCA_CL_per: 0.855630
DEV_LOST_per: 0.144370
