DEV_TOT: 94867.000000
DEV_PCA: 76871.418605
DEV_PCA_per: 0.810307
W: 2080.566333
B: 74790.852271
DEV_PCA_CL_per: 0.788376
DEV_LOST_per: 0.211624
