DEV_TOT: 4116.000000
DEV_PCA: 3615.946204
DEV_PCA_per: 0.878510
W: 138.136685
B: 3477.809519
DEV_PCA_CL_per: 0.844949
DEV_LOST_per: 0.155051
