DEV_TOT: 4116.000000
DEV_PCA: 3615.946204
DEV_PCA_per: 0.878510
W: 180.274987
B: 3435.671217
DEV_PCA_CL_per: 0.834711
DEV_LOST_per: 0.165289
