Rsys: 0.9999989413
Rsys_parz: 0.9999989513
Coverage: 0.9105732658
