DEV_TOT: 94867.000000
DEV_PCA: 76871.418605
DEV_PCA_per: 0.810307
W: 774.518871
B: 76096.899734
DEV_PCA_CL_per: 0.802143
DEV_LOST_per: 0.197857
