DEV_TOT: 3874.000000
DEV_PCA: 3430.398792
DEV_PCA_per: 0.885493
W: 641.677764
B: 2788.721028
DEV_PCA_CL_per: 0.719856
DEV_LOST_per: 0.280144
