DEV_TOT: 3874.000000
DEV_PCA: 3430.398792
DEV_PCA_per: 0.885493
W: 251.792772
B: 3178.606020
DEV_PCA_CL_per: 0.820497
DEV_LOST_per: 0.179503
