DEV_TOT: 30816.000000
DEV_PCA: 26621.447362
DEV_PCA_per: 0.863884
W: 919.351817
B: 25702.095545
DEV_PCA_CL_per: 0.834050
DEV_LOST_per: 0.165950
