DEV_TOT: 30816.000000
DEV_PCA: 26621.447362
DEV_PCA_per: 0.863884
W: 1382.938761
B: 25238.508601
DEV_PCA_CL_per: 0.819007
DEV_LOST_per: 0.180993
