DEV_TOT: 30816.000000
DEV_PCA: 29636.615458
DEV_PCA_per: 0.961728
W: 1889.435787
B: 27747.179671
DEV_PCA_CL_per: 0.900415
DEV_LOST_per: 0.099585
