DEV_TOT: 30816.000000
DEV_PCA: 29636.615458
DEV_PCA_per: 0.961728
W: 1244.019527
B: 28392.595932
DEV_PCA_CL_per: 0.921359
DEV_LOST_per: 0.078641
