Ri0: 0.000006
Ri1: 0.000171
Ri2: 0.001490
Ri3: 0.004149
Ri4: 0.001806
Rsys(48): 0.728880
