Pendenza: -4.514783992985356
Intervallo di confidenza al 95%: [-8.891050583657588,-0.13067767792081614]
Intercetta: 9959247.527968435