Rsys1: 0.225352
Rsys2: 0.726754
m_calcolato: 25.404424
