DEV_TOT: 3874.000000
DEV_PCA: 3651.876682
DEV_PCA_per: 0.942663
W: 269.433887
B: 3382.442795
DEV_PCA_CL_per: 0.873114
DEV_LOST_per: 0.126886
