DEV_TOT: 3874.000000
DEV_PCA: 3651.876682
DEV_PCA_per: 0.942663
W: 344.056657
B: 3307.820024
DEV_PCA_CL_per: 0.853851
DEV_LOST_per: 0.146149
