DEV_TOT: 3874.000000
DEV_PCA: 3651.876682
DEV_PCA_per: 0.942663
W: 403.334983
B: 3248.541699
DEV_PCA_CL_per: 0.838550
DEV_LOST_per: 0.161450
