DEV_TOT: 3874.000000
DEV_PCA: 3430.398792
DEV_PCA_per: 0.885493
W: 159.217529
B: 3271.181263
DEV_PCA_CL_per: 0.844394
DEV_LOST_per: 0.155606
