DEV_TOT: 3874.000000
DEV_PCA: 3430.398792
DEV_PCA_per: 0.885493
W: 352.952988
B: 3077.445805
DEV_PCA_CL_per: 0.794385
DEV_LOST_per: 0.205615
