DEV_TOT: 3874.000000
DEV_PCA: 3430.398792
DEV_PCA_per: 0.885493
W: 200.822380
B: 3229.576413
DEV_PCA_CL_per: 0.833654
DEV_LOST_per: 0.166346
