DEV_TOT: 30816.000000
DEV_PCA: 29636.615458
DEV_PCA_per: 0.961728
W: 3353.441602
B: 26283.173856
DEV_PCA_CL_per: 0.852907
DEV_LOST_per: 0.147093
